HOT cruises
 Cru No   Tsn   Tcorr No      Tcorr   Slag
    1    886         1     -0.01760       1
    2    886         1     -0.01700       1
    3    741         1     -0.00980       1
    4    886         1     -0.01540       1
    5    886         1     -0.01490       2
    6    886         1     -0.01400       2
    7    886         1     -0.01330       1
    8    886         1     -0.01270       1
    9    886         1     -0.01220       1
   10    886         1     -0.01170       1
   11    741         1     -0.00670       1
   12    741         1     -0.00620       1
   13    741         1     -0.00570       1
   14    741         1     -0.00540       2
   15    886         1     -0.00850       2
   16    886         1     -0.00800       2
   17    886         1     -0.00750       2
   18    886         1     -0.00680       1
   19    886         1     -0.00610       1
   20    886         1     -0.00510       1
   22    886         1     -0.00340       1
   23    886         1     -0.00250       1
   24    886         1     -0.00200       1
   25    886         1     -0.00130       1
   26    886         1     -0.00080       1
   27    886         1     -0.00030       1
   28    886         1      0.00030       1
   29    886         1      0.00090       1
   30    886         1      0.00160      -1
   31    886         1      0.00220      -1
   32    886         1      0.00300      -1
   33    886         1      0.00360      -1
   34    886         1      0.00290      -1
   35    886         1      0.00270      -1
   36    886         1      0.00230      -1
   37    886         1      0.00180      -1
   38    886         1      0.00160      -1
   39    886         1      0.00130      -1
   40    886         1      0.00080      -1
   41    886         1      0.00060      -2
   44    886         1      0.00100      -1
   45    886         1      0.00080      -1
   46    886         1      0.00040      -1
   47    886         1      0.00010      -1
   48    886         1     -0.00040      -1
   49    741         1      0.00000       0
   49    886         1     -0.00080      -1
   50    886         1     -0.00110      -1
   51    886         1     -0.00025      -1
   52    886         1     -0.00041      -1
   53    886         1     -0.00054      -1
   53    741         1      0.00009      -1
   54    886         1      0.00045       0
   54    1416        1      0.00002      -2.0
   54    1416        2      0.00002      -1.0
   55    1591        1      0.00017       0.0
   55    1601        1      0.00060      -1.0
   55    1601        2      0.00060      -2.0
   56    1591        1     -0.00017       0
   56    1601        1     -0.00060      -2.0
   56    1601        2     -0.00060      -3.0
   56    1601        3     -0.00060      -3.0
   56    1601        4     -0.00060      -4.0
   57    1591        1     -0.00039       0
   57    1601        1     -0.00139      -1.0
   57    1601        2     -0.00139      -2.0
   57    1601        3     -0.00139      -2.0
   58    1591      1     -0.00059       0.0
   58    1591      2     -0.00059      -1.0
   58     886        1    -0.00054      -2.0
   58     886        2    -0.00054      -3.0
   58     886        3    -0.00054      -6.0
   59    1591      1     -0.00015       0.0
   59    1591      2     -0.00015       1.0
   59     886        1     0.00073      -3.0
   59     886        2      0.00073      -2.0
   60     741        1     -0.00003       0.0
   60    1416        1      0.00006      -2.0
   60    1416        2      0.00006      -4.0
   60    1416        3      0.00006      -3.0
   61     741        1     -0.00005       0.0
   61    1416        1     -0.00011      -2.0
   61    1416        2     -0.00011      -3.0
   61    1416        3     -0.00011      -4.0
   61    1416        4     -0.00011      -5.0
   62     741        1     -0.00007       0.0
   62     741        2     -0.00007       1.0
   62    1416        1     -0.00033      -2.0
   63     741        1     -0.00009       0.0
   63    1416        1     -0.00054      -2.0
   64     741        1     -0.00015       0.0
   64    1416        1     -0.00110      -2.0
   65     741        1      0.00003       0.0
   65    1416        1     -0.00130      -2.0
   66     741        1      0.00002       0.0
   66    1416        1     -0.00150      -1.0
   66    1416        2     -0.00150      -2.0
   67     741        1      0.00000       0.0
   67    1416        1     -0.00170      -2.0
   67    1416        2     -0.00170      -2.0
   68     741        1     -0.00001       0.0
   68    1416        1     -0.00191      -2.0
   69     741        1      0.000144      0.0
   69    1416        1     -0.000624     -2.0
   70     741        1      0.000058      0.0
   70    1416        1     -0.001053     -2.0
   71     741        1      0.000023      0.0
   71    1416        1     -0.001224     -2.0
   72     741        1     -0.000011      1.0 
   72    1591        1     -0.000536     -2.0
   73    1416        1     -0.001610      0.0
   73    1591        1     -0.000644     -3.0
   74    1416        1     -0.001799      0.0
   74    1591        1     -0.000739     -3.0
   75    1416        1     -0.001952      0.0
   75    1591        1     -0.000816     -1.0
   76    1416        1     -0.002216      0.0
   76    1591        1     -0.000948     -3.0
   77     741        1     -0.000209      0.0 
   77    1416        1     -0.002381     -2.0
   78     741        1     -0.000261      0.0 
   78    1591        1     -0.001161     -1.0
   79    2242        1     -0.000015      0.0 
   79    1416        1      0.000228     -2.0
   80    2202        1      0.000068      0.0
   80    1591        1      0.000217     -2.0
   81    2242        1     -0.000006      0.0
   81    1416        1      0.000043     -2.0
   82    2242        1     -0.000002      0.0
   82    1416        1     -0.000038     -1.0
   83    2202        1      0.000024      0.0
   83     741        1     -0.000130     -2.0
   84    2202        1      0.000008      0.0
   84     741        1     -0.000166     -3.0
   85    2202        1     -0.000008      0.0
   85    2242        1      0.000010     -3.0
   86    2202        1     -0.000026      0.0
   86    2242        1      0.000015     -3.0
   87    2202        1     -0.000057      0.0
   87    2242        1      0.000023     -2.0
   88    1416        1     -0.000730      0.0
   88    2242        1      0.000033     -3.0
   89    2242        1     -0.000026      0.0
   89    2472        1     -0.001334     -2.0
   90    2242        1     -0.000020      0.0
   90    2472        1     -0.001171     -2.0
   91    2242        1     -0.000016      0.0
   91    2472        1     -0.001058     -1.0
   92    2242        1     -0.000011      0.0
   92    2472        1     -0.000941     -3.0
   93    2242        1     -0.000007      0.0
   93    2472        1     -0.000824     -3.0
   94    2242        1     -0.000002      0.0
   94    2472        1     -0.000678     -2.0
   95    2242        1      0.000003      0.0
   95    2472        1     -0.000560     -2.0
   96    2242        1      0.000007      0.0
   96    2472        1     -0.000456     -3.0
   97    2242        1      0.000014      0.0
   97    2472        1     -0.000247     -2.0
   98    2242        1      0.000018      0.0
   98    2472        1     -0.000159     -1.0
   99    2242        1      0.000021      0.0
   99    2472        1     -0.000063     -2.0
  100    2242        1      0.000025      0.0
  100    2472        1      0.000054     -2.0
  101    2242        1     -0.000004      0.0
  101    2472        1      0.000199     -2.0
  102    2242        1      0.000007      0.0
  102    2472        1      0.000355     -2.0
  103    2242        1      0.000015      0.0
  103    2472        1      0.000470     -2.0
  104    2242        1      0.000023      0.0
  104    1591        1     -0.000396     -2.0
  105    2242        1      0.000030      0.0
  105    1591        1     -0.000493     -1.0
  105    1591        2     -0.000493     -2.0
  105    2454        1     -0.000605     -2.0
  106    2242        1      0.000049      0.0
  106    2454        1     -0.000406     -2.0
  106    2700        1     -0.000460     -2.0
  107    2700        1     -0.000355     -2.0
  107    2700        2     -0.000355      0.0
  107    1416        1      0.000028     -2.0
  107     741        1     -0.000065      0.0
  107    2242        1      0.000058      0.0
  108    2700        1     -0.000136      0.0
  108    2242        1      0.000076     -2.0
  109    2700        1     -0.000052      0.0
  109    2242        1      0.000083     -2.0
  110    2700        1      0.000077      0.0
  110    2242        1      0.000094     -2.0
  111    2700        1     -0.000039       0.0
  111    2242        1     -0.000047      -2.0
  112    2700        1     -0.000008       0.0
  112    2242        1     -0.000042      -2.0
  113    2700        1      0.000022       0.0
  113    2242        1     -0.000037      -2.0
  114    2700        1      0.000051       0.0
  114    2242        1     -0.000032      -2.0
  115    2700        1      0.000082       0.0
  115    2242        1     -0.000028      -2.0
  116    2454        1     -0.000032       0.0
  116    2242        1     -0.000023      -2.0
  117    2454        1      0.000040       0.0
  117    2242        1     -0.000017      -2.0
  118    2454        1      0.000093       0.0
  118    2242        1     -0.000012      -2.0
  119    2700        1      0.000260       0.0
  119    2242        1     -0.000003      -2.0
  120    2700        1      0.000413       0.0
  120    2242        1      0.000005      -2.0
  121    2700        1      0.000479       0.0
  121    2242        1      0.000008      -2.0
  122    2454        1     -0.000220       0.0
  122    2242        1      0.000037      -2.0
  123    2700        1     -0.000094       0.0
  123    2242        1     -0.000067      -2.0
  124    2700        1     -0.000019       0.0
  124    2242        1     -0.000197      -2.0
  125    2700        1      0.000041       0.0
  125    2242        1     -0.000301      -2.0
  126    2700        1      0.000101       0.0
  126    2242        1     -0.000406      -2.0
  127    2700        1      0.000163       0.0
  127    2242        1     -0.000514      -2.0
  128    2454        1      0.000019       0.0
  128    2242        1     -0.000614      -2.0
  129    2454        1      0.000057       0.0
  129    2242        1     -0.000718      -2.0
  129    2242        2     -0.000718       0.0
  129    2454        2      0.000057      -2.0
  130    2454        1      0.000132       0.0
  130    2242        1     -0.000923      -1.0
  131    2454        1      0.000161       0.0
  131    2242        1     -0.001001      -1.0
  132    2454        1      0.000195       0.0
  132    2242        1     -0.001094      -1.0
  133    2454        1      0.000232       0.0
  133    2242        1     -0.001195      -1.0
  134    2454        1     -0.000035       0.0
  134    2242        1      0.000054      -1.0
  135    2454        1     -0.000026       0.0
  135    2242        1     -0.000085      -1.0
  136    2454        1     -0.000021       0.0
  136    2242        1     -0.000162      -1.0
  137    2454        1     -0.000003       0.0
  137    2242        1     -0.000429      -1.0
  138    2454        1      0.000007       0.0
  138    2242        1     -0.000580      -1.0
  139    2454        1      0.000023       0.0
  139    2242        1     -0.000812      -1.0
  140    2454        1      0.000033       0.0
  140    2242        1     -0.000967      -2.0
  140    2242        2     -0.000967      -1.0
  141    2454        1      0.000040       0.0
  141    2242        1     -0.001075      -1.0
  142    2454        1      0.000046       0.0
  142    2242        1     -0.001157      -1.0
  142    1416        1      0.00000        0.0
  142    1591        1      0.00000       -1.0
  143    2454        1      0.000052       0.0
  143    2242        1     -0.001249      -1.0
  144    2454        1      0.000113       0.0
  144  2700      1     -0.000072       1.0
  144    2242        1      0.000590      -1.0
  145    2700        1     -0.000025       1.0
  145    2454        1      0.000058      -1.0
  146    2700        1      0.000012       1.0
  146    2454        1      0.000016      -2.0
  147    2700        1      0.000042       1.0
  147    2454        1     -0.000019      -2.0
  148    2700        1      0.000074       1.0
  148    2454        1     -0.000056      -1.0
  149    2700        1      0.000109       1.0
  149    2454        1     -0.000096      -1.0
  150    2700        1      0.000145       1.0
  150    2454        1     -0.000137      -1.0
  151    2700        1      0.000182       1.0
  151    2454        1     -0.000181      -1.0
  152    2700        1      0.000247       1.0
  152    2454        1     -0.000256      -1.0
  153    2700        1      0.000278       1.0
  153    2454        1     -0.000291      -1.0
  154    2700        1      0.000325       1.0
  154    2454        1     -0.000345      -1.0
  155    2700        1     -0.000013       1.0
  155    2454        1      0.000009      -1.0
  156    2700        1     -0.000007       1.0
  156    2454        1     -0.000012      -2.0
  157    2700        1     -0.000002       1.0
  157    2454        1     -0.000026      -2.0
  158    2700        1      0.000004       1.0
  158    2454        1     -0.000046      -2.0
  159    2700        1      0.000009       1.0
  159    2454        1     -0.000063      -1.0
  160    2700        1      0.000014       1.0
  160    2454        1     -0.000080      -1.0
  161    2700        1      0.000019       1.0
  161    2454        1     -0.000097      -1.0
  162    2700        1      0.000025       1.0
  162    2454        1     -0.000118      -1.0
  163    2700        1      0.000033       1.0
  163    2454        1     -0.000144       0.0
  164    2700        1      0.000039       1.0
  164    2454        1     -0.000164      -1.0
  165    2700        1      0.000044       1.0
  165    2454        1     -0.000181      -1.0
  166    2700        1      0.000049       1.0
  166    2454        1     -0.000195      -1.0
  167    2700        1     -0.000170       1.0
  167    2454        1     -0.000095      -1.0
  168    2700        1     -0.000150       1.0
  168    2454        1     -0.000076      -1.0
  169    2700        1     -0.000101       1.0
  169    2454        1     -0.000030      -1.0
  170    2700        1     -0.000083       1.0
  170    2454        1     -0.000013      -2.0
  171    2700        1     -0.000062       1.0
  171    2454        1      0.000007      -1.0
  172    2700        1     -0.000044       1.0
  172    2242        1     -0.000026      -1.0
  173    2700        1     -0.000026       1.0
  173    2242        1     -0.000043      -1.0
  174    2700        1     -0.000005       1.0
  174    2242        1     -0.000062      -1.0
  175    2700        1      0.000015       1.0
  175    2242        1     -0.000085      -1.0
  175    2454        1      0.000080       0.0
  175    1489        1     -0.000923      -1.0
  176    2454        1      0.000099       1.0
  176    4448        1     -0.000164       0.0
  177    2454        1      0.000436       1.0
  177    4448        1      0.001123       0.0
  178    2454        1      0.000387       1.0
  178    4448        1      0.000998      -2.0
  179    2454        1      0.000334       0.0
  179    4448        1      0.000860      -2.0
  180    2454        1      0.000281       0.0
  180    4448        1      0.000723      -2.0
  181    2454        1      0.000153       0.0
  181    4448        1      0.000394      -2.0
  182    2454        1      0.000111       0.0
  182    4448        1      0.000287      -2.0
  183    2454        1      0.000044       0.0
  183    4448        1      0.000114      -1.0
  184    2454        1     -0.000019       0.0
  184    4448        1     -0.000048      -2.0
  185    2454        1     -0.000107       0.0
  185    4448        1     -0.000275      -2.0
  186    2454        1     -0.000188       0.0
  186    4448        1     -0.000484      -2.0
  187    2454        1     -0.000232       0.0
  187    4448        1     -0.000597      -2.0
  188    2454        1     -0.000304       0.0
  188    4448        1     -0.000783      -2.0
  189    2454        1      0.000491       0.0
  189    2242        1      0.000669      -1.0
  190    2454        1      0.000412       0.0
  190    2907        1      0.000461      -2.0
  191    2454        1      0.000327       0.0
  191    2907        1      0.000321      -1.0
  191    4448        1      0.000200      -1.0
  192    2454        1      0.000259       0.0
  192    4448        1      0.000101      -1.0
  192    2242        1      0.002420      -2.0
  193    2454        1      0.000206       0.0
  193    2907        1      0.000121      -2.0
  193    1416        1     -0.000150      -2.0
  194    2454        1      0.000155       1.0
  194    2907        1      0.000037      -2.0
  195    2454        1      0.000098       0.0
  195   4448        1     -0.000131      -2.0
  196    2454        1      0.000042       1.0
  196   4448        1     -0.000213      -2.0
  197    2454        1     -0.000070       1.0
  197   4448        1     -0.000375      -2.0
  198    2454        1     -0.000108       1.0
  198   4448        1     -0.000429      -2.0
  199    2454        1      0.000023       0.0
  199   4448        1      0.000081      -1.0
  200    2454        1     -0.000018       1.0
  200   4448        1     -0.000064      -2.0
  201    2454        1     -0.000170       1.0
  201   4448        1     -0.000608      -2.0
  202    2454        1     -0.000217       0.0
  202   4448        1      0.000069      -1.0
  203    2454        1     -0.000267       0.0
  203   4448        1     -0.000110      -1.0
  204    2454        1     -0.000301       0.0
  204   4448        1     -0.000232      -1.0
  205    2454        1     -0.000390       1.0
  205   4448        1      0.000000      -1.0
  206    2907        1     -0.000103       1.0
  206   2454        1     -0.000473      -2.0
  208    2907        1     -0.000014       1.0
  208   4448        1      0.000082      -2.0
  209    2907        1     -0.000017       0.0
  209   4448        1     -0.000082      -1.0
  210    2907        1     -0.000023       0.0
  210   4448        1     -0.000495      -1.0
  211    2907        1     -0.000026       0.0
  211   2454        1     -0.000447      -1.0
  212    2907        1     -0.000029       1.0
  212   2454        1     -0.000593      -2.0
  212   1416        1      0.000283       0.0
  213   1416        1      0.000255        1.0
  213   2454        1     -0.000676      -2.0
  214   1416        1      0.000222       0.0
  214   2454        1     -0.000775      -1.0
  215   1416        1      0.000174       0.0
  215   2454        1     -0.000922      -1.0
  216   1416        1      0.000121       0.0
  216   2454        1     -0.001080      -1.0
  216   4448        1     -0.000669      -1.0
  217   1416        1      0.000074       0.0
  217   4448        1     -0.001099      -1.0
  218   1416        1     -0.000027        0.0
  218   2907        1      0.000869       -1.0
  219   1416        1     -0.000084        0.0
  219   2907        1      0.000820       -1.0
  220   1416        1     -0.000154        0.0
  220   2907        1      0.000760       -1.0
  221   1416        1     -0.000256        0.0
  221   2907        1      0.000671       -2.0
  222   1416        1     -0.000310        0.0
  222   2454        1      0.000215       -3.0
  223   1416        1     -0.000385        0.0
  223   2454        1      0.000125       -2.0
  224   1416        1     -0.000459        1.0
  224   2454        1      0.000036       -2.0
  224   4448        1      0.000220       -2.0
  225   1416        1     -0.000526        0.0
  225   4448        1      0.000195       -2.0
  226   1416        1     -0.000601        0.0
  226   4448        1      0.000167       -2.0
  227   1416        1     -0.000720        0.0
  227   4448        1      0.000123       -1.0
  228   1416        1      0.001208       0.0
  228   2907        1      0.000818      -2.0
  229   1416        1      0.001143       0.0
  229   2907        1      0.000780       -2.0
  230   1416        1      0.001030       0.0
  230   2454        1      0.000659       -2.0
  231   1416        1      0.000873       0.0
  231   2454        1      0.000477       -2.0
  232   1416        1      0.000771       0.0
  232   2454        1      0.000359       -2.0  
  233   1416        1      0.000513       1.0
  233   2454        1      0.000059       -2.0
  234   1416        1      0.000364       1.0
  234   2454        1     -0.000114       -2.0
  234   4448        1     -0.000124       -2.0
  235   1416        1      0.000266       0.0
  235   2907        1      0.000283       -2.0
  236   1416        1      0.000124       0.0
  236   2907        1      0.000200       -2.0
  237   1416        1      0.000033       1.0
  237   4448        1     -0.000200       -2.0
  237   2907        1      0.000151       -2.0
  238   1416        1     -0.000044       0.0
  238   2454        1     -0.000587       -1.0
  239   1416        1      0.000433       0.0
  239   2454        1      0.001634       -1.0
  240   1416        1      0.000182       0.0
  240   2454        1      0.001314       -1.0
  241   1416        1      0.000042       0.0
  241   2454        1      0.001135       -1.0
  242   1416        1     -0.000076       0.0
  242   2454        1      0.000984       -1.0
  243   1416        1     -0.000175       0.0
  243   2454        1      0.000858       -1.0
  244   1416        1     -0.000308       0.0
  244   2454        1      0.000689       -1.0
  245   1416        1     -0.000372       0.0
  245   2454        1      0.000606       -1.0
  246   1416        1     -0.000479       0.0
  246   2454        1      0.000470       -1.0
  247   1416        1     -0.000566       0.0
  247   2454        1      0.000359       -1.0
  248   1416        1     -0.000783       0.0
  248   2454        1      0.000082       -1.0
  249   1416        1      0.001012        0.0
  249   2454        1      0.000349        -2.0
  250   1416        1      0.000928        0.0
  250   2454        1      0.000233        -1.0
  251   1416        1      0.000814        0.0
  251   5519        1     -0.000107       -1.0
  252   1416        1      0.000654        0.0
  252   5519        1     -0.000086        -2.0
  253   1416        1      0.000506        0.0
  253   5519        1     -0.000066        -2.0
  254   1416        1      0.000209        0.0
  254   5519        1     -0.000027        -1.0
  255   1416        1      0.000133        0.0
  255   5519        1     -0.000017        -1.0
  256   1416        1      0.000034        0.0
  256   5519        1     -0.000004        -1.0
  257   1416        1     -0.000080        0.0
  257   5519        1      0.000010        -2.0
  258   1416        1     -0.000171        0.0
  258   5519        1      0.000022        -2.0
  259   1416        1      0.000406       1.0
  259   5519        1      0.001058       -1.0
  260   1416        1      0.000290       0.0
  260   5519        1      0.000970       -2.0 
  261   1416        1      0.000217       0.0
  261   5519        1      0.000915       -2.0  
  262   1416        1      0.000077       0.0
  262   5519        1      0.000810       -2.0  
  263   1416        1     -0.000120       0.0
  263   5519        1      0.000661       -1.0  
  264   1416        1     -0.000236       0.0
  264   5519        1      0.000573       -1.0  
  265   1416        1     -0.000530       0.0
  265   5519        1      0.000351       -2.0  
  266   1416        1     -0.000642       0.0
  266   5519        1      0.000266       -2.0  
  267   1416        1     -0.000793       0.0
  267   5519        1      0.000152       -2.0  
  268   1416        1     -0.000890       1.0
  268   5519        1      0.000079       -1.0  
  269   1416        1      0.000673       0.0
  269   4448        1      0.000055       -1.0  
  270   1416        1      0.000554       0.0
  270   5519        1      0.000557       -1.0  
  270   5554        1     -0.001511       0.0
  270   5443        1     -0.000767       0.0  
  271   1416        1      0.000465       0.0
  271   5519        1      0.000510       -1.0  
  272   1416        1      0.000346       1.0
  272   5519        1      0.000446       -2.0  
  273   1416        1      0.000245        1.0
  273   5519        1      0.000393       -2.0  
  274   1416        1      0.000134        1.0
  274   5519        1      0.000334       -1.0  
  275   1416        1      0.000045        1.0
  275   5519        1      0.000286       -2.0  
  276   1416        1     -0.000123        0.0
  276   5519        1      0.000197       -2.0  
  277   1416        1     -0.000186        0.0
  277   5519        1      0.000164       -2.0  
  278   1416        1     -0.000301        0.0
  278   5519        1      0.000103       -2.0  
  279   1416        1     -0.000394        1.0
  279   5519        1      0.000053       -1.0  
  280   1416        1     -0.000519        0.0
  280   5519        1      0.000086       -1.0  
  281   1416        1     -0.000621        0.0
  281   5519        1      0.000051       -1.0  
  282   1416        1     -0.000724        0.0
  282   5519        1      0.000016       -1.0  
  283   1416        1     -0.000861        0.0
  283   5519        1     -0.000030       -2.0  
  284   1416        1     -0.001022        0.0
  284   5519        1     -0.000085       -1.0  
  285   1416        1     -0.001184        1.0
  285   5519        1     -0.000139       -1.0  
  286   1416        1     -0.001291        1.0
  286   5519        1     -0.000175       -1.0  
  287   1416        1     -0.001537        0.0
  287   5519        1     -0.000259       -1.0  
  287   2329        1     -0.000461        0.0
  287   2633        1     -0.000601       -2.0  
  288   1416        1     -0.001692        0.0
  288   5519        1     -0.000311       -2.0  
  289   1416        1      0.000010        0.0
  289   4448        1      0.000263       -2.0  
  290   1416        1      0.000006        0.0
  290   4448        1      0.000240       -2.0  
  291   1416        1      0.000001        0.0
  291   4448        1      0.000214       -2.0  
  292   1416        1     -0.000002        0.0
  292   4448        1      0.000192       -2.0  
  292   5519        1      0.000146       -3.0  
  293   1416        1     -0.000006        0.0  
  293   5519        1      0.000114       -1.0
  294   1416        1     -0.000010        0.0  
  294   5519        1      0.000083       -3.0
  295   1416        1     -0.000016        0.0  
  295   5519        1      0.000027       -3.0
  296   1416        1     -0.000024        0.0  
  296   5519        1     -0.000040       -1.0
  297   1416        1     -0.000029        0.0  
  297   5519        1     -0.000077       -1.0
  298   1416        1     -0.000033        0.0  
  298   5519        1     -0.000116       -2.0
  299   1416        1      0.000822        0.0  
  299   2907        1     -0.000022        -2.0
  300   1416        1      0.000708        0.0  
  300   2907        1     -0.000010        -2.0
  301  1416      1     0.000564     0.0
  301  2907      1     0.000006    -2.0
  302  1416      1     0.000485     0.0
  302  4448      1    -0.000043    -2.0
  303  1416      1     0.000366     0.0
  303  5519      1     0.000043    -2.0
  304  1416      1     0.000286     0.0
  304  5519      1     0.000056    -3.0
  305  1416      1     0.000150     0.0
  305  5519      1     0.000079    -2.0
  306  1416      1     0.000060     1.0
  306  5519      1     0.000095    -2.0
  307  1416      1    -0.000040     0.0
  307  5519      1     0.000112    -2.0
  308  1416      1    -0.000108     0.0
  308  5519      1     0.000123    -2.0
  309  1416      1     0.000358     0.0
  309  4448      1     0.000282    -2.0
  310  1416      1     0.000165     0.0
  310  5519      1     0.000150    -2.0
  311  1416      1    -0.000232     0.0
  311  5519      1     0.000033    -1.0
  312  1416      1    -0.000452     1.0
  312  5519      1    -0.000033    -1.0
  313  1416      1    -0.000557     0.0
  313  5519      1    -0.000064    -1.0
  314  1416      1    -0.000739     0.0
  314  5519      1    -0.000117    -1.0
  315  1416      1    -0.000921     0.0
  315  5519      1    -0.000171    -1.0
  316  1416      1    -0.001158     0.0
  316  5519      1    -0.000241    -1.0
  317    1416        1     -0.001500        0.0
  317    5519        1     -0.000342       -1.0
  318    1416        1      0.002391         0.0
  318    5519        1      0.000290        -1.0
  319    1416        1      0.002252         0.0
  319    2454        1      0.000167        -1.0
  320    1416        1      0.001330         0.0
  320    2454        1     -0.000505        -1.0
  321    1416        1      0.001196         0.0
  321    2454        1     -0.000603        -2.0
  322    1416        1      0.001050         0.0
  322    2454        1     -0.000709        -2.0
  323    1416        1      0.000916         0.0
  323    2454        1     -0.000806        -2.0
  324    1416        1      0.000620         0.0
  324    2454        1     -0.001022        -2.0
  325    1416        1      0.000453         0.0
  325    2454        1     -0.001144        -1.0
  326    1416        1      0.000367         0.0
  326    4448        1      0.000094        -2.0
  327    1416        1      0.000138         0.0
  327    4448        1      0.000059        -2.0
  328    1416        1     -0.000092         0.0
  328    4448        1      0.000024        -2.0
  328    2454        1     -0.000057         0.0
  328    2907        1      0.000020         0.0
  329    2454        1     -0.000143         0.0
  329    2907        1      0.000018         1.0
  330    2454        1     -0.000277         0.0
  330    5519        1      0.000141         1.0
  331    2454        1     -0.000423         0.0
  331    1416        1     -0.000681         0.0
  331    1489        1     -0.000172        -1.0
  331    5554       1      0.00000        -1.0
  332    1489      1     -0.000206        -2.0
  332  5554      1      0.00000         -2.0
  333    1489      1     -0.000342        -1.0
  333  5554      1      0.00000         -2.0
  334    1489      1     -0.000391        -1.0
  334  5554      1      0.00000         -2.0
  335    5519      1      0.00000          0.0
  335    4448        1      0.00000         -1.0
  336    5519       1      0.00000          0.0
  336    4448        1      0.00000         -1.0
